979358207 941935524

542324377 876217596

542324377 201395041

542324377 541045169

542324377 640915571

542324377 920129561

542324377 564495158

542324377 778787855

542324377 828628060

542324377 665636161

542324377 313240107

542324377 247885683

542324377 267724822

542324377 841123385

542324377 909436195

542324377 648959286

542324377 285614806

542324377 528318783

542324377 825530535

542324377 705842847

542324377 368007789

542324377 193275542

542324377 550677239

542324377 809216545

542324377 593427433

542324377 146403643

542324377 188618278

542324377 824479940

542324377 86323746

542324377 51356636

542324377 201025353

542324377 561562899

542324377 322827103

542324377 462103209

542324377 663038090

542324377 276058210

542324377 896372969

542324377 849937998

542324377 108749056

542324377 752011842

542324377 518176117

542324377 614711097

542324377 495034178

542324377 85168979

542324377 138111930

542324377 346820273

542324377 618175632

542324377 158138442

542324377 597682834

542324377 691681933

542324377 615641309

542324377 90453037

542324377 565261643

542324377 846852448

542324377 42731704

542324377 527450242

542324377 836857527

542324377 401486252

542324377 92857913

542324377 565046520

542324377 334849627

542324377 640420629

542324377 866758131

542324377 299091090

542324377 407747801

542324377 1708656

542324377 491499243

542324377 816496404

542324377 219934626

542324377 633025302

542324377 69426648

542324377 165970103

542324377 171334245

542324377 803793248

542324377 662102009

542324377 968813593

542324377 127646559

542324377 682101325

542324377 557094369

542324377 880536435

542324377 161690397

542324377 667747440

542324377 474536032

542324377 706154058

542324377 305853458

542324377 980816381

542324377 986023353

542324377 960225371

542324377 79841134

542324377 305350497

542324377 661068365

542324377 115037684

542324377 551430810

542324377 670141138

542324377 64813046

542324377 809282630

542324377 104725160

542324377 443443181

542324377 192892216

542324377 701814507
